0 14402 13463 13615
1 14091 13708 13259
2 13985 13594 13197
3 14638 13319 13395
4 14494 13560 13534
5 14554 13118 13711
6 15096 13703 13879
7 14974 13627 14058
8 15362 13681 14280
9 15319 13258 14386
10 15501 13631 14497
11 15704 13623 14766
12 16233 13662 14843
13 15907 13452 15055
14 16116 13495 15232
15 16190 13491 15441
16 16460 13575 15776
17 16497 13713 15693
18 16747 13467 15963
19 16565 13431 15969
20 16941 13681 16200
21 17096 13318 16253
22 17091 13617 16366
23 17020 13689 16492
24 17512 13662 16699
25 17734 13641 16824
26 17627 13734 17028
27 17907 13471 17042
28 17696 13588 17068
29 17821 13611 17162
30 18032 13565 17246
31 17966 13600 17415
32 18107 13664 17511
33 18035 13345 17552
34 18047 13700 17648
35 18536 13676 17835
36 18487 13472 17899
37 18413 13606 17933
38 18694 13632 18073
39 18724 13741 18165
40 18733 13704 18234
41 18779 13719 18349
42 18893 13593 18407
43 18878 13616 18434
44 18900 13601 18450
45 18942 13680 18536
46 18925 13640 18603
47 19164 13738 18640
48 19189 13678 18671
49 19118 13666 18700
50 19182 13724 18781
51 19279 13689 18870
52 19236 13731 18888
53 19262 13712 18962
54 19309 13720 19000
55 19385 13683 18986
56 19431 13728 19080
57 19303 13726 19093
58 19438 13701 19139
59 19456 13666 19163
60 19440 13656 19144
61 19504 13598 19196
62 19512 13737 19234
63 19555 13652 19250
64 19564 13722 19319
65 19612 13721 19358
66 19709 13600 19380
67 19630 13660 19397
68 19769 13742 19452
69 19739 13718 19489
70 19744 13691 19523
71 19743 13742 19559
72 19765 13727 19533
73 19737 13672 19565
74 19766 13688 19570
75 19822 13739 19623
76 19796 13712 19628
77 19877 13731 19674
78 19879 13729 19697
79 19857 13731 19728
80 19879 13742 19730
81 19893 13743 19766
82 19888 13716 19770
83 19877 13734 19763
84 19925 13728 19759
85 19907 13743 19795
86 19902 13728 19781
87 19945 13730 19802
88 19935 13712 19805
89 19920 13741 19825
90 19955 13740 19834
91 19962 13733 19845
92 19945 13742 19848
93 19976 13727 19859
94 19967 13701 19877
95 19978 13738 19881
96 19997 13736 19901
97 19984 13739 19914
98 19996 13739 19919
99 20012 13742 19930
